98
111
111
116
45
114
101
112
97
105
114
45
52
112
263
50
48
55
53
32
275
276
277
278
279
280
281
282
32
91
271
50
52
48
53
50
55
95
50
294
50
93
10
10
61
300
301
302
303
304
305
61
32
66
257
116
32
82
262
264
114
32
83
117
109
109
97
114
121
32
306
326
327
301
298
330
10
109
111
100
112
114
111
98
101
58
32
70
65
84
65
76
341
77
334
117
108
101
32
101
102
105
118
322
115
32
110
258
32
102
111
117
110
100
32
105
110
32
100
265
101
99
116
111
323
32
47
108
105
98
47
333
100
351
101
115
47
54
46
56
46
48
45
51
49
45
103
101
110
101
114
105
99
298
313
99
111
320
403
100
101
369
261
263
265
341
95
422
423
424
425
426
427
428
429
430
425
298
84
104
353
415
102
97
351
311
418
315
32
111
102
32
116
435
308
310
45
313
419
316
117
116
105
383
116
324
119
458
108
32
261
371
115
116
97
108
464
448
353
103
114
117
98
45
355
105
45
97
109
100
54
52
45
115
105
103
404
369
445
10
110
118
109
101
48
110
49
112
53
44
10
117
489
110
103
447
449
365
471
111
462
509
444
112
457
111
110
115
341
361
497
499
501
112
49
47
256
258
47
480
10
65
100
374
520
110
470
465
314
265
32
462
471
32
339
32
112
405
365
114
498
100
341
367
104
105
415
45
532
116
498
110
117
45
49
48
360
507
101
488
469
368
322
100
479
356
45
356
352
330
531
310
534
356
32
97
538
416
370
372
496
498
500
502
53
47
102
468
97
98
10
349
367
311
47
415
118
47
596
527
502
49
444
372
386
110
116
586
533
535
10
85
110
560
415
32
71
82
85
66
549
310
32
566
117
594
525
597
528
600
101
116
99
610
355
439
108
622
475
477
298
328
307
313
467
469
548
473
32
654
478
480
482
484
486
488
490
492
444
446
649
612
614
598
503
325
657
298
99
104
337
363
620
311
665
45
660
470
464
45
45
118
405
489
521
10
690
692
548
40
632
634
41
32
50
46
49
50
569
477
608
117
55
332
334
336
338
340
342
344
346
348
350
352
354
356
358
114
360
362
311
365
367
369
371
373
375
377
379
324
382
384
386
728
390
392
394
396
398
400
402
404
406
408
684
686
609
109
621
638
720
337
550
480
732
115
683
685
637
688
730
384
310
109
475
32
696
549
355
379
474
476
98
594
603
471
10
69
70
73
32
732
105
604
352
360
322
353
735
32
115
117
269
379
116
593
521
511
105
360
115
121
468
101
109
46
10
405
337
316
116
114
97
99
340
330
760
774
763
311
367
483
353
260
10
393
395
397
399
401
403
405
407
772
761
381
834
664
787
691
522
661
694
580
481
374
261
743
323
61
623
622
480
781
45
469
114
402
116
61
120
56
54
95
670
868
695
117
667
115
376
117
261
563
310
10
73
856
693
371
510
554
32
876
878
880
589
112
108
97
116
554
820
701
854
703
108
341
119
322
110
895
341
793
795
797
799
390
32
99
97
110
804
550
885
311
812
448
814
805
817
810
908
702
893
471
913
915
917
32
89
366
546
463
32
104
97
697
447
111
924
412
903
646
353
663
706
635
930
807
638
926
117
693
121
821
892
790
904
540
364
371
814
435
100
46
32
78
955
823
379
543
112
809
416
821
100
675
611
613
526
679
49
332
118
851
621
866
588
105
47
919
47
309
533
564
120
486
46
868
688
1003
480
1006
794
1008
587
98
107
112
1011
1013
535
99
112
1001
622
564
1004
1034
715
621
117
47
115
560
109
1012
52
1014
589
1016
1033
1018
1007
1009
1032
310
1043
1045
105
10
1029
1031
1017
356
1035
98
716
47
665
1054
1015
834
1060
1005
1050
587
849
833
764
939
973
869
667
861
376
378
864
1070
869
871
873
875
877
879
487
881
45
883
581
885
99
887
574
564
891
940
383
517
897
899
1091
859
551
974
907
821
1077
857
942
114
916
509
918
794
796
322
798
98
800
924
926
928
353
930
618
813
815
936
819
1113
910
1103
1116
1118
103
341
946
640
547
464
951
953
378
956
109
958
810
511
353
962
805
646
965
321
567
969
971
1103
905
105
812
356
916
1040
990
982
984
114
824
987
989
980
1074
687
852
480
564
779
316
782
97
102
810
316
665
789
857
792
1121
921
1125
923
802
361
363
806
808
114
810
493
372
933
1134
818
908
985
825
827
829
58
298
87
943
1119
982
86
827
109
370
360
108
111
99
107
593
40
85
1063
1037
1201
736
366
368
641
1183
778
475
41
821
1057
773
1181
764
807
100
905
574
665
10
83
366
114
99
895
976
729
96
534
647
649
438
440
1065
787
39
10
70
1239
369
1104
117
120
370
321
402
341
1003
497
1277
122
45
841
394
488
887
438
829
569
1273
1275
594
105
826
739
1281
723
1003
977
1300
46
105
779
1288
752
56
1291
114
1293
574
998
1274
738
32
1277
1279
1308
97
1282
381
1033
1285
371
117
1287
1289
54
1313
1315
1295
1318
1240
1305
114
1301
1324
1303
1033
1339
980
1308
103
1310
395
1333
806
1314
828
1316
1296
1319
1321
1280
1342
1283
1327
109
1286
1310
53
753
51
53
845
757
848
1337
739
916
1300
1359
1325
1304
1375
1340
1307
1309
393
1366
843
1369
756
847
408
1373
638
819
810
468
877
43
32
486
98
1299
32
919
1377
1343
587
498
109
1394
116
1396
1067
356
1356
1240
87
371
100
515
360
1051
32
77
926
1342
316
812
676
995
643
616
64
1019
73
47
77
407
337
115
445
622
1051
866
779
102
119
1055
536
538
1261
564
1392
567
354
621
380
897
85
1403
70
265
109
914
261
317
646
457
509
360
46
1470
298
627
629
1156
633
635
1451
639
641
678
644
1003
665
1270
477
46
99
102
103
298
1421
806
99
829
115
115
102
351
108
324
442
375
1179
10
76
1229
1231
579
78
1223
483
373
959
377
1172
80
352
97
885
373
955
804
554
873
954
966
1231
32
121
1258
32
1458
1121
356
555
1463
353
1451
932
449
1234
716
709
51
711
48
1454
826
324
40
1481
616
1062
1064
1040
1308
1412
105
1262
101
708
33
10
1517
101
1519
436
814
922
1465
1098
261
1421
740
663
66
73
79
83
981
434
403
447
380
1324
264
110
1246
299
657
1591
300
450
363
892
365
32
65
1189
405
312
544
316
1592
1592
298
325
62
32
1416
368
1419
1226
1193
693
593
1575
449
77
66
82
674
381
994
1552
821
1608
631
787
50
32
40
118
710
48
48
708
934
911
1617
1208
1619
1621
1623
1428
115
1252
590
1240
1228
111
107
801
311
1097
1083
32
617
445
32
10
277
663
115
837
950
578
373
406
953
897
411
261
1382
103
981
1673
101
1675
1614
905
1133
1320
1229
1166
812
926
1276
257
1653
1661
277
897
40
104
100
48
44
109
1647
111
115
49
41
1483
787
981
73
311
470
1439
354
109
339
100
360
513
1228
516
510
411
1152
521
403
116
523
1662
276
1728
275
387
389
771
277
695
1736
1737
1738
1739
1740
1741
1742
1743
1744
1743
1730
549
1167
1647
814
107
551
322
116
95
1700
1418
1717
1171
108
1030
438
311
621
602
354
120
1763
1747
1745
1771
1772
1773
1774
1738
298
1552
529
421
431
1781
1782
1783
1784
423
1607
276
1460
729
816
1211
524
278
118
1769
277
1492
1082
986
460
552
524
343
84
51
50
1747
1798
863
594
365
524
983
354
1175
379
1717
1297
1618
353
1421
80
322
837
1190
308
1228
1230
1627
276
79
552
827
1467
510
83
1135
109
524
1808
637
583
390
1793
278
1777
996
528
50
1780
1785
1852
1853
1785
1787
275
1789
1130
1838
1845
1729
1797
637
1656
1800
121
1802
275
45
1841
1202
1799
316
371
1812
1661
495
1848
502
51
1851
1854
1883
1884
426
1856
342
458
1859
1792
280
66
1299
1506
1230
405
1871
1655
1873
447
1867
723
1532
110
107
362
119
110
1898
1158
1810
1875
111
341
1847
1430
112
52
1882
1885
1921
1883
1887
1858
935
1891
279
1765
1734
276
1809
1657
1801
1903
78
84
70
83
1910
1865
1874
110
1876
1598
1494
379
374
517
1150
663
1913
641
663
1451
1941
44
642
615
1918
1692
283
1962
805
871
1726
590
1899
1810
49
486
56
271
52
395
308
456
590
1946
1340
1261
1950
449
1952
1747
1963
280
102
337
1225
102
374
115
107
1957
1778
52
1964
1754
1654
1911
1657
52
57
53
56
48
52
52
1970
1830
275
1832
405
1166
517
1837
1927
1910
1843
523
281
1916
1959
53
1920
1922
2027
1784
1924
1889
1926
937
1861
275
101
120
116
52
1940
1900
1934
524
1870
1863
1872
1912
1943
1914
1961
2012
1833
2015
1836
1860
275
1542
1236
50
1545
570
2019
1889
2021
280
1706
477
1485
98
1487
1489
381
646
648
602
469
788
1265
648
437
651
653
787
298
1647
97
49
2026
2028
2089
2029
1747
1925
1791
2033
280
1795
905
2040
1810
2042
275
77
83
87
73
78
1044
2087
724
1805
1807
2045
1968
1657
1913
1813
1174
824
1818
1319
1820
1594
311
1823
1224
959
316
66
1828
107
2011
32
2013
1834
1261
2017
2095
2050
2123
1560
2064
279
2066
385
665
2070
510
1034
1033
1026
1044
868
1985
1986
278
2149
587
1066
1027
1046
1018
1033
320
1558
330
1605
2167
307
617
1579
1513
810
1515
369
2168
2167
298
1579
35
2109
2056
1235
116
640
2059
1546
1132
1778
53
656
2176
1591
32
72
1702
622
72
578
1537
681
2192
682
10
67
80
85
590
1259
560
2173
2184
261
341
670
1400
116
10
86
561
101
2049
65
108
415
316
76
97
1231
45
85
80
51
631
84
1631
91
73
406
360
88
1156
827
112
560
99
115
93
364
1989
32
892
810
464
67
379
988
2135
700
76
357
574
885
1496
1167
372
2171
934
2057
2184
1398
487
2216
1632
2269
2185
1044
2007
32
76
84
83
1995
338
352
1957
1107
486
41
2191
2202
1605
1532
1403
2291
2177
10
1577
1579
47
1533
795
1535
1462
802
341
570
46
55
711
52
2233
1988
412
1422
1437
1702
1440
32
2255
114
2257
1686
1909
1582
976
1536
1200
934
919
45
1722
263
457
1198
1957
1688
1614
1131
740
2330
387
353
897
1209
1320
2261
488
390
699
1588
1256
886
1573
637
403
922
369
828
1673
1948
510
1150
333
107
456
458
781
32
1565
1567
1177
1205
1683
498
1496
1342
1526
564
46
1502
114
64
103
321
458
1487
412
821
1051
67
887
261
621
341
1636
48
51
10
84
1308
2221
456
2395
1911
521
1716
2297
310
79
1340
405
2395
1636
52
44
2396
49
2416
1636
504
2396
1698
2396
1807
1051
2422
42
2251
621
405
541
464
83
1083
1342
9
70
118
86
111
108
40
51
101
53
48
50
100
98
102
45
2005
877
267
1566
478
98
570
397
49
100
55
50
49
55
101
1715
53
57
1705
2438
1858
40
2446
54
55
1636
55
400
52
55
56
2451
52
339
55
482
100
49
51
45
56
273
52
102
51
55
57
99
54
50
102
41
53
51
2008
2008
1636
2154
335
2395
1997
272
1658
2513
1547
2450
709
369
2446
32
2444
32
877
32
2005
590
788
52
1538
617
1636
1658
369
2463
1658
55
354
788
593
2469
381
32
2278
48
54
2515
2544
1547
2479
2549
1398
2538
2521
2483
32
2481
354
2538
2485
590
369
2490
2524
2554
1997
2496
32
2498
924
2547
2502
2543
55
446
102
446
2545
48
1747
1252
469
341
2505
2557
1997
2008
2549
2408
258
2417
2428
85
83
635
2434
379
2436
2438
2440
2442
2444
2446
2448
2450
2452
56
2454
2530
604
563
2459
569
2462
2464
2466
2468
2470
47
2472
1889
2474
2546
2477
272
2480
2482
2484
2486
2488
2490
2492
2494
2496
2498
2500
2502
2504
53
2505
52
271
2580
279
2511
2544
2513
2538
49
2516
549
446
2448
2526
1547
2523
2525
2527
604
2557
2531
2552
2461
2569
1631
2465
2539
354
2520
57
2543
2545
2547
2650
2552
2551
2533
2476
2655
2524
446
2558
101
2560
788
591
1658
2233
2493
2526
2567
2233
2570
2500
709
675
2569
2576
2578
2516
2581
905
97
2584
274
2585
2642
2589
2426
1636
50
2428
80
88
69
982
646
119
379
107
2437
2439
2441
2443
2445
2447
2449
2451
2453
1333
2610
2457
2613
2461
2463
2465
2467
416
2469
2471
118
2473
2475
2625
2479
267
2628
267
2630
591
2632
2493
53
2495
2497
2499
2501
2503
2446
2005
52
2446
2644
278
2646
2545
2649
2651
2518
2654
2521
2657
2547
2659
2529
2662
2533
2664
2536
2667
2467
2669
2526
2671
47
2647
2544
2674
2651
2677
1547
2679
2555
2682
2538
2684
2557
2686
2563
2689
2566
364
2693
2671
2695
2573
2786
2575
364
2700
2589
277
2582
2704
2680
2527
2762
2709
310
2396
51
2428
77
115
84
819
112
9
80
1260
82
310
40
48
120
1637
47
2830
105
2834
120
2650
2416
2836
1705
2594
66
40
2415
2837
2847
40
2418
2837
72
68
2853
44
1620
82
2844
2502
99
55
55
99
2009
2844
2006
2423
120
2865
51
99
1697
1637
2510
112
2395
1631
48
2532
99
2552
1697
2557
2532
2233
48
97
2552
2533
2893
1547
2786
2882
2544
2532
2547
2894
2548
2896
2889
274
2546
2892
2651
2903
2544
2905
2900
1547
2897
2533
2896
2513
617
50
2891
2893
2532
2913
2923
2892
56
2892
2924
2901
2901
2875
2569
2889
2538
2929
2924
2009
2569
2884
2864
2696
2927
2942
2935
2943
2928
2913
2532
617
2808
2699
2787
2509
2710
2007
2428
1036
2184
9
2856
2858
71
80
84
44
290
2497
97
2476
2491
52
99
98
713
288
925
563
2397
2487
55
2009
56
2467
2968
2874
56
2850
876
1636
2869
2643
2837
2473
92
919
92
2957
117
92
1556
1042
2160
105
2289
2645
2879
2952
2918
2920
2947
2945
2925
3011
2944
2533
271
2544
2926
3014
2924
55
2233
2968
2522
2554
1631
2973
2557
2939
2891
288
549
2656
2538
2980
1658
2926
2782
3023
2874
2524
2513
2881
1631
2916
2787
2506
2552
53
2884
2533
2818
3051
2912
2557
2671
2533
3049
2676
2905
2792
2881
2550
3060
1398
353
2533
3035
3067
3064
3058
3067
2889
2792
3018
2792
3056
2792
369
3067
3075
2522
3054
3047
3015
3066
2792
3064
54
3054
54
3077
2942
2950
2810
2952
2580
2954
53
2428
1611
1418
119
1420
637
1423
541
402
114
2959
2857
2418
2962
2964
2966
55
2968
3021
267
2972
2974
48
2976
98
2978
45
2980
49
2982
98
2984
99
2986
2869
2989
2835
1972
2396
2471
2622
2994
794
92
1436
99
1438
1440
92
1051
92
1184
103
1445
1055
2504
2980
57
2530
2507
102
53
273
51
2417
2422
1636
2608
3165
272
2870
2422
2642
2414
3163
2007
288
2007
102
2414
2643
52
97
2414
2763
2311
2420
3176
51
2876
55
3124
2397
57
1636
486
3194
2763
54
2459
51
2870
51
54
1636
1806
3194
3174
2448
3204
3197
3174
3195
2546
3176
3208
2397
3176
54
2763
2497
3204
2424
2876
3198
3206
3225
2397
2459
3215
3089
3204
3174
3205
2546
2643
51
3232
3187
3217
3238
3204
2625
51
3193
2397
2763
55
2876
3165
499
1636
2459
2422
3252
3165
3176
2422
2575
2577
2007
2509
3005
2512
2898
709
3009
3264
3019
3017
3013
2946
2552
3016
48
3081
3268
3021
590
2547
2497
2526
3026
1631
2971
1127
2557
2517
3033
2569
1997
3128
2668
3039
2884
2986
2544
3043
2672
2513
2587
3054
3071
1547
3052
3303
3054
2003
3048
3050
3303
3079
3076
2552
54
3073
2665
3313
2578
2550
3315
54
3318
1398
3054
3068
1547
3302
2557
3062
1398
3322
3321
2676
2651
3327
2501
3317
3337
3067
2651
54
3311
2553
3313
3324
2934
1547
50
3086
1398
3088
3090
3092
2901
3094
2577
3096
2702
2583
2526
2560
2671
2530
2586
2557
446
3161
2526
3315
2914
3271
2608
3011
2482
3011
2708
3051
3315
2588
3051
3322
3376
3303
3266
3304
2557
3315
2754
2552
3188
2676
788
2533
3243
3313
3340
3088
2922
2522
3081
3202
3389
3329
3314
3272
3342
1368
3313
3320
3340
2651
2654
3393
3396
3389
3346
2522
2924
3412
2792
3398
3404
2678
3315
399
3405
3344
3389
3424
3403
3329
3236
3389
2651
3084
2792
3434
3434
3416
3394
3393
3064
3247
3013
3349
3370
2942
570
3013
2651
2901
2809
3356
2579
298
486
2506
57
98
3202
294
2500
53
102
2003
53
97
57
57
2728
3224
287
57
54
101
2233
275
1778
530
1442
1023
1025
1053
3002
840
2311
2003
3459
2501
50
3462
3464
2004
3467
3469
2450
3471
2003
3474
3476
1958
997
1021
1010
3483
2152
1413
57
50
2604
3468
2464
1488
99
57
101
288
3160
2495
2640
100
2971
2577
98
538
3307
3477
1879
529
3503
622
102
98
2165
2461
3468
2577
53
570
1252
3132
2505
53
100
2464
3161
57
3116
100
53
101
3091
2059
1547
3527
1917
3479
2158
787
2165
56
3161
3516
2004
102
3314
102
2059
3132
2642
101
50
3124
2980
3551
3508
98
3499
2891
3555
1959
3557
533
2164
3484
3535
57
3537
3539
828
3561
1368
3544
49
3546
3548
3550
3552
3163
276
3478
47
2997
2068
3560
3562
3465
3565
51
3567
2985
3570
3572
272
2530
3552
3577
3475
3579
3501
528
530
3603
3584
3506
1056
3456
3487
3460
3490
3218
3492
3466
3468
3470
570
3472
3499
3600
3528
3622
2183
1038
3000
2165
2059
56
2497
2684
102
56
49
98
53
98
2463
2499
3490
2500
3021
100
3188
97
53
2501
3277
3580
3502
3144
3146
1189
3530
47
83
2353
101
1051
410
111
697
323
1447
3475
2971
2009
3592
273
829
3161
3274
97
50
57
3243
2640
3181
3274
2479
3647
3639
3556
1435
2316
1439
3671
3480
1243
3153
535
3163
3692
100
56
1488
3538
3490
97
3188
3188
376
2485
3565
2971
3208
3544
3122
3700
3581
3702
3145
2317
3705
1022
1243
114
1447
1590
2295
303
32
68
1670
101
2838
1754
1299
2265
2429
1597
3738
304
298
68
1751
360
2116
32
2090
3758
431
2023
598
9
341
814
45
3113
44
9
362
45
2298
83
564
3768
951
115
1736
69
83
80
1957
3769
258
1094
115
98
3768
735
45
320
99
1957
3776
45
1702
3788
111
45
516
100
3768
1973
2926
1941
360
2428
3715
549
121
1394
298
2125
457
540
3755
2048
1632
530
51
41
2088
3759
1923
1878
3556
3763
1201
3795
115
3768
486
2283
263
107
1185
3797
45
1418
99
665
3797
3841
3783
665
911
3837
665
403
118
3797
1251
1253
3843
3789
438
114
3825
1959
51
3827
3770
3796
9
3832
1201
3834
3836
3783
3838
1229
3854
111
3872
3845
1103
3847
787
3849
3851
112
2582
101
3843
414
482
1600
266
2459
71
66
3858
679
52
3861
3798
3863
3865
362
3867
475
3837
3839
3874
787
3842
787
3846
3869
3848
496
3880
3882
3884
368
3886
1190
569
1636
3890
3892
644
3827
3765
3897
2415
590
519
845
116
3768
489
491
593
690
868
3768
665
50
3937
1138
973
3940
477
3849
3795
1994
9
3852
810
401
3905
9
3885
1188
3917
3889
3891
1564
3745
3815
1811
955
40
50
47
3820
3822
3823
1853
3761
3621
3923
3777
695
3779
3781
9
263
1205
45
3794
3770
2075
604
3837
621
3837
516
1228
591
3837
862
3679
45
362
266
629
3837
98
3868
735
516
1101
1778
3860
3764
115
735
3976
3768
3979
259
3982
3798
3984
3787
3869
3987
3869
3989
111
3991
3869
3993
118
3995
379
3981
561
3999
4001
258
4003
890
1996
3973
4009
3780
4011
1754
3981
1519
4027
582
603
4017
3770
4019
3770
4021
4023
4025
405
121
3795
3997
561
415
110
4031
3901
3783
116
4034
258
3921
599
4037
258
4010
9
4016
4042
3777
3130
579
480
3986
3930
4020
371
3990
3801
4024
376
3994
3996
4029
4084
3770
4000
4062
4002
371
1101
10
80
322
457
540
360
1952
2443
47
51
41
1780
1781
1969
1970
1971
95
298
110
1879
529
9
341
3789
488
262
564
3768
362
1736
1983
9
263
1205
45
104
97
115
45
1985
2075
604
1984
258
1981
112
1094
115
114
1999
1736
507
2005
1988
1959
1991
1993
2283
582
603
98
2006
401
476
98
46
3801
9
1975
1430
1878
1430
112
3860
341
321
121
339
885
1025
310
2018
563
2037
2010
1990
1992
1994
1996
2016
1999
259
2035
2003
2009
1985
695
2008
3768
1989
259
2043
2014
1997
2017
2024
3798
2019
477
2022
1984
1879
2027
527
49
1918
1978
1201
259
2001
1987
2052
2039
258
2055
2011
2058
2045
469
2061
3789
2049
2054
2062
2007
2004
2081
2042
2013
2084
1998
2090
2064
2021
2023
2025
2070
2069
48
644
2073
1980
2035
1987
462
116
104
2079
116
3768
2060
45
2111
104
111
456
2114
2047
2001
2050
3768
2119
2053
2092
9
2117
2119
2121
259
2089
468
579
475
2065
2101
2068
10
102
374
115
107
781
464
40
583
1190
101
100
1967
32
1972
2157
2158
428
298
68
814
2147
2102
2105
2109
2004
51
46
2493
32
71
105
66
1957
570
287
271
2004
2311
1970
2926
98
121
810
115
1957
2643
2007
48
57
50
486
1158
863
771
2162
2146
370
415
621
105
356
405
341
65
1806
65
57
48
50
70
45
66
69
57
66
267
56
66
65
45
56
2224
69
45
55
55
52
49
53
68
55
271
54
66
57
2154
280
83
871
311
280
69
1240
275
83
1082
379
360
2247
105
122
353
84
121
552
2104
528
617
278
271
52
2926
277
2505
2762
50
2538
276
2505
287
2006
276
2193
48
77
32
69
70
795
83
121
1211
2259
2071
1631
2271
2506
290
2265
2271
2476
50
2004
278
1806
55
54
2292
1658
54
2278
1436
99
3146
1189
32
261
885
114
697
100
2286
2029
2266
2294
57
2547
2557
2004
2006
2008
2231
2321
2966
2479
3016
2059
393
49
71
32
2305
2307
311
98
1993
407
373
905
97
2315
1997
52
2322
2007
2230
2320
2346
56
1970
2497
49
2261
709
1368
2192
2319
276
49
711
2333
87
371
100
1419
2309
376
111
697
114
324
403
118
265
521
566
116
2315
274
2210
2228
3314
2328
2515
2476
2192
56
53
55
274
53
54
2882
486
877
1997
2193
55
2363
32
76
371
117
1279
1843
816
2285
2198
2147
1647
97
2584
57
46
2501
2172
2174
1957
3195
1970
294
2422
549
2185
390
2176
50
2446
399
2300
1547
1656
2250
10
2411
2200
403
457
2204
114
2395
120
2502
99
2228
99
2230
1985
1421
2241
1959
2244
2246
32
2248
2196
2252
2254
32
73
369
2256
2258
2413
2261
2428
277
2263
2926
49
2430
2397
1970
55
2671
2473
2446
2295
3314
1631
53
2416
54
2333
924
32
87
2296
343
1805
1631
40
76
2221
41
298
2056
2153
2148
1225
2150
105
108
2152
2154
1968
2159
2510
1971
298
2413
58
486
396
71
66
58
115
99
489
58
53
2473
2524
2526
1700
2367
115
58
83
97
110
2438
67
476
2254
2443
59
10
2087
570
2346
107
2519
2516
48
2518
2515
52
2517
2519
102
905
1806
58
58
1983
1320
2338
2541
2165
501
58
2177
52
2550
2102
2527
50
2571
58
103
112
116
2532
604
261
764
83
2218
2464
51
397
49
84
2519
2541
2672
2545
2519
2269
52
1620
58
2269
51
2596
2555
116
2557
2280
795
2409
937
551
1959
1299
1167
110
2559
2037
354
115
112
2541
2572
2594
2596
2295
2277
2519
1970
2170
2596
58
2335
111
1439
2308
2310
405
2313
2608
1205
2610
521
58
1700
1189
2310
2541
51
2597
2210
2621
2754
2550
2430
2568
2519
58
66
2339
2884
1252
469
2636
1960
2611
2640
115
1189
2658
97
2541
52
2597
2649
2593
53
53
2550
2473
48
56
2596
1765
2531
58
560
100
2201
1957
374
97
103
2283
95
97
456
412
2121
621
2541
53
58
52
54
2674
2519
2392
50
2650
2493
2550
101
120
116
2669
58
2541
10
70
261
1130
263
829
32
62
570
1436
2519
2156
2511
2727
2158
1974
1879
341
287
1806
2008
2724
2699
2311
287
2595
2174
2597
3165
2724
2286
341
2479
2476
2501
2736
57
2299
2299
50
2736
2276
2396
2744
10
98
108
107
561
32
2504
2506
405
2153
2155
2728
2770
2512
10
78
65
77
69
281
70
83
84
89
80
2777
276
85
85
73
68
1986
2790
279
80
65
82
84
2786
2788
2791
2790
76
65
2215
76
1963
2793
2795
2801
2803
10
2413
2799
2812
2813
2814
2815
2815
10
226
148
148
2819
128
2782
278
1795
905
279
49
1972
2491
48
2476
2301
2816
2275
102
2447
55
2449
400
2897
2835
2785
66
85
78
2796
709
52
95
1547
278
2286
2843
2855
2856
2857
281
2818
148
156
2822
2564
2071
617
2826
2243
277
65
48
2446
45
48
2280
67
2858
32
2327
2968
55
2491
52
2972
50
267
48
925
563
2397
2487
2229
2829
101
2338
3314
99
56
1997
83
89
2780
69
2278
283
2604
1926
2607
2056
2638
110
2860
2862
148
128
2864
112
2288
2877
2813
48
1697
56
97
97
2229
45
2754
2926
52
55
1972
2223
2007
1369
2502
2684
56
57
2497
376
2901
2812
2629
2631
311
2633
2312
2501
2909
540
2912
2863
1976
2233
66
1299
1506
99
107
405
2919
282
54
49
97
48
2925
271
1288
2930
574
2485
1636
45
57
101
2444
2975
3459
2882
57
2924
2923
3047
2812
2655
489
2657
2342
2660
2910
2952
2914
2916
1997
2680
279
2300
54
69
2391
68
1970
3001
2477
2234
2918
2813
54
925
2500
2462
2885
99
2391
478
52
100
56
574
56
98
98
99
398
102
98
2751
53
3124
99
48
2496
2489
2366
2368
82
2777
378
111
108
360
2860
2821
2994
1976
274
2709
2711
279
2921
2931
2751
2677
398
49
288
267
51
3022
482
2394
574
97
2883
101
2445
2483
287
2325
2005
102
2751
2684
57
2873
288
2972
2484
2491
2898
101
487
102
2448
3474
2397
2501
2445
788
2812
298
349
608
551
111
371
116
360
2765
2507
2769
2771
3104
423
1887
2843
65
358
2585
85
885
37
2334
2695
810
493
2911
676
995
2028
2356
282
294
50
46
57
2904
3057
3114
1016
564
488
97
118
3121
2070
529
10
3120
2995
1963
3060
3126
2303
275
2476
3131
834
866
3134
3136
2995
3140
994
2916
274
1986
49
2192
2487
294
3149
621
3155
101
3136
2824
2799
2505
3127
2487
570
3131
2875
337
109
10
480
732
602
2814
877
46
52
75
3147
50
3131
2409
47
356
555
914
261
1034
3180
322
771
10
3094
764
111
2576
2611
3100
2151
2767
2508
2726
3105
2771
298
3141
1976
3123
281
2867
1963
114
119
44
261
974
105
498
44
102
321
2146
61
1636
294
44
100
3230
107
3232
2211
50
44
411
415
263
402
61
2311
55
44
1167
684
3199
646
61
814
111
2224
2484
569
44
115
2120
1205
541
498
61
109
105
120
2153
44
985
114
115
61
261
333
608
260
111
3166
3153
1976
1997
1962
102
507
2894
2761
282
3221
3223
101
3225
3227
3288
114
95
561
3232
44
475
2121
112
3299
100
3301
693
515
95
258
435
2005
2760
107
489
2254
3247
2191
54
3282
3137
2166
503
1963
3049
3285
283
3292
3224
1166
498
3322
3169
2790
3219
1962
337
44
362
3332
101
3228
3237
3239
3234
3236
1993
3238
3233
3241
3243
314
3246
3248
3250
111
3252
3274
3254
3256
3258
3076
2418
3262
809
3265
101
3267
3269
3271
3273
3275
3277
3116
3280
2191
300
3379
3380
3381
3379
1958
3324
600
1033
2139
385
3388
46
1488
510
3101
3209
708
3382
3397
3397
298
1542
1236
275
3052
2938
2477
56
3056
3058
2311
3061
97
3063
482
3066
3068
3085
2230
53
10
2365
368
2368
1421
1423
541
402
316
40
812
2916
49
708
275
2630
336
338
405
859
45
2870
2872
2874
70
67
10
35
3447
2279
78
2789
1265
648
3390
100
1965
48
3311
1994
3436
339
316
3447
35
10
85
2906
70
265
1462
1200
2248
116
1467
103
2251
32
883
581
3193
3470
261
3446
3448
69
3450
381
646
3453
2020
2022
3456
95
3478
481
3480
3195
353
3463
3378
3398
3501
3380
3384
644
3452
3192
2016
2764
3208
261
2239
3502
3513
3379
298
35
32
60
1843
2907
101
109
62
3518
3278
764
988
3098
3524
275
60
116
2257
101
3530
60
3204
1961
3530
278
60
100
117
109
112
3536
263
1496
62
3446
2543
914
360
812
3215
2028
274
3543
406
517
99
117
2637
372
911
1686
3119
994
2145
107
531
121
1094
117
561
47
3404
3054
3407
399
3409
3060
478
3412
3474
3414
829
3416
3070
274
2786
3327
1513
2555
440
360
1547
49
3551
866
1004
32
3553
1132
3556
3138
617
3559
371
510
3562
3564
1193
693
3567
3140
115
914
112
46
3226
103
2062
404
9
3618
97
112
3626
119
9
48
3632
3465
2787
68
61
3441
397
3443
2876
381
1033
868
279
3337
275
437
2692
2506
3476
276
2852
278
3599
299
3514
3397
3504
2071
600
3488
649
3595
2506
1270
477
3509
2505
3102
681
3658
3382
298
71
82
634
95
68
2280
65
85
76
84
3232
10
3676
3678
84
73
2776
79
85
84
95
2780
89
76
69
3267
403
117
3687
3677
66
95
3690
3692
3694
61
570
3704
3678
68
73
2780
82
73
2845
84
79
82
61
96
3042
98
95
3224
1566
885
781
105
781
360
50
3524
3141
351
464
124
124
354
684
955
68
2894
105
2534
96
3713
3706
67
77
68
76
73
78
69
95
3756
78
85
88
3679
3681
3683
3685
34
113
3575
646
805
903
1993
104
34
3751
95
3753
3755
3757
3759
3761
3763
61
34
3777
3688
3706
3715
83
2802
3699
95
79
83
95
80
82
79
2215
3723
2555
3042
101
3500
3658
3660
503
341
2958
3567
1623
2408
1320
111
591
2501
2184
2172
2020
3672
3673
61
3107
279
2173
635
45
2172
635
1963
3468
729
2962
275
2716
2688
2379
40
115
2570
1962
63
63
325
32
3845
1986
3387
2020
3667
2021
3392
2919
3599
2557
3171
2484
2505
3202
57
3057
3847
2264
2401
2348
50
2898
2349
275
1327
109
1277
122
3836
277
3857
2762
2169
3860
3236
54
3863
1997
307
3866
396
2008
3869
2324
2320
3873
3875
1288
46
1366
397
1368
845
757
2340
2812
3879
2484
3897
2390
2324
2005
2671
3887
2939
3185
2299
2355
2397
3202
3872
587
497
3895
841
2417
488
3563
2555
829
569
2814
1807
3858
2362
2346
2182
51
2319
1547
3887
2898
46
2931
2673
2007
2430
3893
3920
3874
2405
1287
3923
3407
806
1314
97
3928
3217
2790
3905
3933
3863
2300
3936
2395
3865
3940
3942
2446
2642
2394
3919
533
3921
3949
46
3041
369
2962
3905
2169
56
3060
49
2234
3863
2233
3939
2401
2585
2480
2392
3264
549
587
1339
980
3622
3877
3979
2170
3982
3984
49
3986
2557
2493
46
3989
2211
3991
3285
1033
3995
3621
1309
393
3898
398
1369
756
847
2884
3958
1662
2700
2169
3863
3990
2964
2926
3912
395
2473
2346
2388
3918
3993
533
4013
3622
3896
395
1333
3953
3927
574
3957
283
3959
3127
294
2898
3936
3236
3965
1366
2273
2762
2493
290
3971
622
4039
4015
2170
2170
3925
3954
3956
2799
3931
2762
2362
2192
3891
4053
4004
2264
4056
2264
4058
2704
4061
47
4063
103
3975
108
3977
2857
1807
3657
3824
300
3809
2698
1320
360
45
108
381
101
116
99
47
103
114
477
46
100
47
32
2150
2505
116
101
261
2154
32
61
760
761
762
763
762
10
10
45
114
119
120
114
45
771
773
1658
2309
111
111
2946
778
311
2829
294
56
32
79
377
275
1631
32
50
2211
2233
570
95
108
105
110
117
120
767
769
774
804
776
114
781
777
779
1658
56
49
51
2233
65
112
316
32
1997
570
58
2473
1658
48
796
798
800
749
112
107
103
45
110
101
119
802
770
772
805
617
807
810
842
311
2311
792
1631
787
311
791
789
793
824
826
799
120
95
122
102
774
803
839
839
806
808
844
819
51
847
32
816
818
820
48
822
1631
795
797
856
858
860
829
831
833
835
837
804
864
841
866
808
49
2008
53
57
786
788
851
791
853
792
855
800
95
120
101
2911
768
838
773
889
809
780
810
893
53
813
871
817
275
874
876
900
903
857
906
110
883
832
834
836
909
888
775
890
843
808
275
55
56
54
897
850
790
847
2233
50
53
95
2760
105
887
863
935
913
956
939
941
919
873
824
923
948
950
797
929
885
932
862
911
955
867
867
813
2473
1547
849
789
852
50
2233
2585
3311
115
45
817
111
339
114
953
971
120
865
937
915
399
792
960
921
962
823
983
2630
986
807
989
967
931
991
840
956
867
1658
49
2229
943
979
900
981
32
983
117
101
102
105
45
1025
114
109
119
802
1010
912
973
938
49
1015
1997
872
1000
821
1002
825
1023
1025
1027
105
1029
1031
261
1008
886
933
954
993
936
914
850
32
2234
1631
83
101
112
275
942
1019
982
949
102
119
117
112
100
1033
972
891
810
939
294
999
32
274
1037
58
3918
51
1070
1072
1074
1052
969
910
1011
1035
1079
791
893
1017
899
946
819
825
3562
468
111
109
1076
1056
1012
938
1098
1039
920
819
1001
1631
288
95
1105
116
1107
1092
1109
994
1058
276
2464
274
978
1101
853
2230
1120
117
1106
1108
1054
992
1126
957
1098
274
1040
1116
1042
1118
49
1135
1137
1124
10
764
1154
1155
61
805
1252
49
47
98
781
745
747
385
746
748
1488
103
752
1025
108
755
757
41
759
1156
1178
760
766
84
114
121
444
316
73
110
603
108
740
1234
117
110
116
117
10
1192
1194
640
40
115
97
102
353
746
97
112
104
105
99
115
41
10
66
808
102
807
109
361
101
2710
32
118
111
108
117
109
101
1197
69
70
73
32
3468
1049
1200
1063
116
457
110
103
771
84
101
468
32
1228
109
111
1183
766
1179
1156
1158
97
49
58
32
76
111
925
457
111
110
444
102
32
1172
1245
1320
111
591
2501
98
1184
71
1165
1177
1253
764
766
278
1283
71
2174
808
2518
1283
1289
3468
108
353
1289
1294
1295
1294
2716
2688
1228
1194
1201
1213
1296
275
3845
759
32
1306
1304
3993
779
1164
477
1313
98
46
1169
1310
1319
277
3599
