9
1
98
111
111
116
45
114
101
112
97
105
114
45
52
112
263
50
48
55
53
32
275
276
277
278
279
280
281
282
32
91
271
50
52
48
53
50
55
95
50
294
50
93
10
10
61
300
301
302
303
304
305
61
32
66
257
116
32
82
262
264
114
32
83
117
109
109
97
114
121
32
306
326
327
301
298
330
10
109
111
100
112
114
111
98
101
58
32
70
65
84
65
76
341
77
334
117
108
101
32
101
102
105
118
322
115
32
110
258
32
102
111
117
110
100
32
105
110
32
100
265
101
99
116
111
323
32
47
108
105
98
47
333
100
351
101
115
47
54
46
56
46
48
45
51
49
45
103
101
110
101
114
105
99
298
313
99
111
320
403
100
101
369
261
263
265
341
95
422
423
424
425
426
427
428
429
430
425
298
84
104
353
415
102
97
351
311
418
315
32
111
102
32
116
435
308
310
45
313
419
316
117
116
105
383
116
324
119
458
108
32
261
371
115
116
97
108
464
448
353
103
114
117
98
45
355
105
45
97
109
100
54
52
45
115
105
103
404
369
445
10
110
118
109
101
48
110
49
112
53
44
10
117
489
110
103
447
449
102
111
108
108
111
119
301
103
32
111
112
116
105
111
110
115
296
32
110
118
109
101
48
110
49
112
49
47
98
282
47
299
105
10
65
100
100
105
336
338
97
322
306
285
32
330
327
32
98
298
112
101
114
325
114
345
100
296
117
110
104
105
305
45
353
257
345
110
117
45
49
48
115
32
117
115
101
45
115
116
97
110
100
288
100
45
356
45
102
321
101
293
352
354
356
32
97
360
101
300
301
342
344
346
348
112
53
47
102
403
97
98
10
77
111
383
283
47
305
118
47
343
345
347
349
49
333
110
32
47
109
110
116
417
257
355
413
273
85
384
386
298
71
82
85
66
372
282
32
391
117
32
425
446
428
349
431
101
116
99
442
299
97
297
457
103
114
117
436
10
292
274
32
284
301
434
371
320
298
490
492
410
413
45
97
109
100
54
52
45
115
105
103
110
101
288
111
102
32
338
101
118
47
339
334
316
53
32
282
270
268
99
104
114
276
355
109
110
277
342
343
45
289
336
323
45
45
118
101
114
347
308
10
376
98
378
110
380
302
40
71
82
85
66
41
32
50
46
49
50
45
49
343
325
116
117
55
10
109
111
100
112
370
98
101
284
70
65
84
65
76
284
77
416
285
286
321
118
280
115
309
257
32
303
325
288
333
100
105
258
99
116
111
114
121
355
108
105
98
47
415
100
431
115
47
54
46
56
46
48
45
51
49
45
103
101
350
114
105
99
10
368
370
438
456
374
32
457
418
111
420
32
433
435
367
369
371
481
277
321
318
257
109
342
32
383
324
287
449
286
390
32
379
116
97
304
10
69
70
73
32
118
276
105
97
98
108
101
115
32
276
281
110
337
115
117
112
112
338
116
101
283
295
32
116
104
105
355
115
121
307
101
109
46
10
101
114
321
114
370
114
97
99
101
58
266
10
319
321
337
341
275
306
97
298
32
45
114
10
54
46
56
46
48
45
51
49
45
103
101
316
114
105
99
318
320
322
397
32
329
325
110
327
292
45
45
303
45
100
105
258
99
116
338
121
61
301
274
47
303
402
45
116
276
415
116
61
120
56
54
95
54
52
432
102
105
447
117
433
115
101
99
117
258
45
302
257
10
73
428
449
294
284
103
32
293
385
454
456
458
460
462
112
108
97
116
482
379
10
426
326
477
108
279
119
276
110
479
279
344
346
348
418
351
353
355
99
97
110
110
315
98
278
115
101
273
291
325
104
105
324
115
121
300
101
326
10
332
311
343
108
276
119
274
110
344
276
89
111
117
32
119
105
298
104
97
118
278
116
111
32
99
111
109
112
323
116
388
104
278
71
82
85
66
32
354
116
117
112
32
109
348
117
97
290
121
46
10
73
333
370
97
116
105
357
102
281
360
399
100
46
32
78
390
101
114
307
327
258
112
316
397
430
10
100
102
32
47
100
101
118
47
292
293
48
110
49
112
49
10
109
118
447
109
110
116
295
272
47
297
47
319
73
47
66
468
296
257
120
340
46
297
463
465
467
257
469
426
471
70
473
475
486
98
107
112
477
116
479
52
481
426
10
99
409
328
485
466
470
470
117
98
117
333
117
47
115
104
105
109
343
52
344
329
332
333
345
334
338
303
340
341
346
342
116
356
358
105
10
99
328
309
362
337
329
379
105
47
117
347
349
47
298
371
290
360
334
369
381
339
70
366
336
263
99
104
295
299
309
32
311
297
323
310
313
329
45
100
105
258
99
116
300
121
61
378
390
45
45
314
114
103
320
61
120
56
54
95
315
410
105
409
117
290
45
319
99
117
258
45
369
10
73
312
323
317
32
283
308
430
432
434
390
112
108
97
116
453
307
10
406
449
97
284
274
119
273
110
317
274
365
32
118
273
105
97
98
304
305
99
318
110
299
98
275
319
272
321
116
353
305
115
121
292
101
464
466
293
469
32
471
114
473
110
103
274
89
111
117
32
119
105
281
32
104
97
118
273
116
111
32
99
111
109
112
298
116
373
104
273
71
82
85
66
32
312
116
117
316
109
311
117
97
281
121
46
10
73
355
398
108
97
116
105
314
317
361
115
384
100
46
32
78
375
101
114
289
301
258
112
294
382
415
262
99
104
289
293
302
32
285
343
109
288
303
118
32
97
102
382
301
292
32
291
315
10
341
32
118
271
105
97
98
298
299
271
273
110
293
115
393
425
114
427
32
314
116
336
299
115
121
286
101
357
420
422
32
116
114
97
99
101
58
262
87
271
361
110
103
272
78
86
484
109
448
299
108
111
99
107
101
100
32
40
85
334
335
32
110
288
276
117
110
100
343
110
32
281
326
109
283
41
46
261
99
104
284
288
297
32
336
100
97
334
45
287
10
83
111
117
114
99
272
103
32
310
293
32
96
315
116
99
47
100
271
97
117
108
116
47
287
39
10
70
377
351
32
108
272
117
120
343
109
97
103
101
269
324
47
118
109
406
110
117
122
45
54
46
56
426
45
115
378
102
97
99
101
45
49
401
403
352
272
105
116
114
440
411
413
415
326
47
441
443
338
105
358
424
426
428
430
114
432
434
436
438
350
352
420
408
410
412
414
311
449
418
467
423
425
427
54
429
431
433
435
437
402
465
353
442
444
469
447
472
267
450
331
452
46
454
103
456
478
480
460
482
463
485
404
467
409
454
470
448
264
47
326
358
328
330
53
46
48
45
51
53
45
323
110
101
114
105
99
343
357
309
346
348
359
349
361
367
345
352
46
353
103
354
373
375
377
379
101
381
383
385
365
316
109
101
109
301
115
116
56
54
43
32
54
52
98
346
32
283
73
391
324
393
257
281
412
414
416
418
296
52
46
275
386
316
87
268
100
111
119
115
32
66
264
32
77
97
110
360
114
32
272
292
100
101
118
47
110
326
101
48
110
49
112
49
64
47
426
47
77
384
277
115
111
102
116
47
450
431
299
310
102
119
439
291
10
65
100
100
268
103
32
299
32
411
110
117
32
405
347
121
32
271
457
85
346
32
70
105
114
109
119
97
114
101
32
83
101
116
116
264
103
349
46
371
10
10
85
110
104
105
100
362
71
82
85
66
32
285
32
341
110
117
291
32
110
303
101
48
110
49
112
53
284
116
47
274
403
114
117
98
46
99
102
103
373
350
257
32
115
117
99
99
101
115
115
102
117
108
108
121
32
361
112
97
356
101
100
46
373
76
111
99
107
434
45
78
86
114
97
109
32
379
286
99
286
435
32
80
108
101
97
115
362
100
111
392
415
266
114
301
116
32
116
463
109
97
441
32
121
293
351
352
70
73
32
279
357
359
361
385
261
32
267
470
104
362
85
98
288
116
390
50
51
46
49
48
32
340
316
428
40
393
341
396
49
112
49
47
261
105
47
117
98
280
116
117
47
115
104
105
109
120
54
52
46
329
32
272
108
101
41
32
33
10
80
349
97
115
308
100
105
115
97
98
349
32
83
101
99
117
307
301
317
262
323
104
308
66
73
79
83
46
32
84
376
110
323
114
318
288
97
262
46
310
10
259
396
397
398
399
259
32
372
116
32
73
110
263
32
65
102
278
302
82
101
112
391
302
400
419
420
61
310
32
61
62
32
87
262
100
111
119
300
361
282
115
116
97
108
349
100
282
375
308
77
66
82
32
111
102
273
311
118
47
315
298
48
110
49
393
424
426
71
114
332
50
32
40
118
50
46
48
48
351
434
262
436
438
440
442
116
376
32
445
447
449
451
101
453
115
100
97
32
97
281
32
108
256
107
300
97
404
358
99
116
111
302
49
448
450
10
32
326
300
286
115
97
281
32
104
97
114
100
32
100
114
105
118
286
262
284
99
111
285
46
105
109
103
46
32
346
348
350
103
273
282
97
309
116
104
314
108
111
99
361
105
111
110
32
97
275
32
366
111
107
282
10
327
32
344
32
40
104
100
48
44
109
115
100
111
115
49
41
270
257
47
266
98
353
73
309
316
115
111
32
101
109
98
101
100
282
262
108
366
119
261
358
346
109
112
371
101
110
116
115
58
381
327
431
326
109
111
100
117
295
115
433
32
45
443
444
445
446
447
448
449
450
451
452
450
441
98
370
392
298
107
32
112
335
116
95
391
393
415
115
301
108
112
383
361
32
427
102
282
101
120
102
361
441
453
484
485
486
487
446
287
289
281
48
110
49
112
49
58
32
95
500
501
502
503
504
505
506
507
508
509
501
287
294
32
70
105
280
32
115
121
115
116
101
109
58
342
294
118
102
302
315
273
256
347
101
99
116
111
274
116
121
112
101
354
343
65
84
51
50
360
111
362
115
364
366
274
260
261
373
78
111
32
101
114
114
367
311
111
117
269
270
282
276
361
289
80
295
97
271
351
274
66
303
99
107
46
315
79
371
114
302
260
301
83
349
351
353
293
379
362
102
345
101
115
373
355
32
277
278
271
48
110
49
112
50
354
340
446
447
448
449
333
277
342
344
346
348
350
352
434
342
428
289
382
365
367
279
370
372
293
45
461
363
464
385
110
387
436
10
438
101
440
442
51
445
450
485
486
485
452
294
454
276
456
425
459
294
66
105
116
76
111
413
392
471
463
384
466
371
373
85
110
107
110
111
119
110
373
370
347
265
349
355
10
356
101
357
358
52
359
375
394
395
318
365
285
366
271
367
352
368
285
110
116
102
115
381
337
383
116
341
343
284
78
84
70
83
410
371
348
110
385
32
65
99
99
340
100
259
287
339
277
271
259
260
265
435
32
98
111
335
382
340
44
32
388
390
112
52
355
332
454
455
332
327
286
116
267
288
336
422
32
49
54
52
56
50
48
468
46
32
66
117
283
97
428
430
432
274
111
440
437
483
294
456
488
284
102
114
111
109
32
102
431
115
107
447
449
110
391
324
116
459
461
283
445
269
52
57
53
56
48
52
52
49
54
46
285
79
112
101
114
281
369
32
83
121
313
101
109
326
352
102
105
270
115
348
309
267
375
110
338
53
339
363
420
421
302
345
278
346
266
347
332
412
277
101
120
116
52
364
365
269
324
325
277
45
436
357
371
111
315
393
395
397
116
399
401
403
405
277
85
98
117
110
116
117
32
50
51
46
49
48
407
409
101
411
378
47
98
111
256
47
103
114
117
98
478
480
98
46
99
102
280
47
101
116
99
47
102
313
97
98
32
490
492
47
100
101
102
97
117
108
116
483
481
267
115
100
97
49
329
372
386
387
296
335
274
336
264
337
323
370
273
118
102
277
373
347
116
316
317
273
77
83
87
73
78
52
46
384
32
70
65
84
51
50
401
315
261
110
322
273
78
111
32
101
114
114
315
262
260
117
110
100
423
354
32
66
111
256
32
80
275
97
109
101
309
263
66
108
111
99
107
46
360
361
362
116
363
364
365
366
273
367
368
101
369
359
47
98
443
116
377
376
477
98
46
99
102
276
378
102
105
473
475
488
256
120
54
412
101
486
32
281
359
499
273
485
487
474
256
479
492
494
496
502
490
476
109
109
385
386
381
265
10
270
398
399
400
398
32
49
32
79
83
32
100
101
305
309
101
100
32
401
416
417
258
265
406
35
368
272
85
98
117
110
116
117
32
50
51
46
49
48
32
111
110
32
341
48
110
49
112
53
265
418
448
399
32
72
111
304
47
72
273
100
119
273
264
449
462
269
265
67
80
85
32
273
99
104
105
411
429
114
313
32
54
52
45
98
473
10
86
105
409
111
306
65
108
409
263
76
97
107
101
45
85
80
51
32
71
84
50
32
91
73
114
105
262
88
263
71
114
97
112
104
105
99
115
93
32
102
114
111
109
32
73
110
301
108
32
67
111
114
112
390
97
116
105
111
110
10
76
105
118
101
45
310
115
115
396
110
32
355
260
261
85
98
117
385
117
32
54
52
45
98
365
32
40
414
416
361
32
50
342
48
52
32
76
84
83
44
32
110
111
98
108
101
439
120
56
54
95
420
41
264
364
454
351
32
85
69
70
73
32
455
463
256
264
66
73
355
47
458
460
378
105
114
109
119
272
307
32
49
48
46
55
46
49
52
51
378
380
382
77
374
380
115
111
102
116
388
390
392
370
395
397
10
84
104
263
347
475
477
366
259
260
69
361
45
99
111
109
112
97
351
98
108
101
357
97
110
100
365
302
116
259
110
32
368
73
45
109
111
100
261
102
349
264
104
105
260
108
105
118
101
45
302
115
115
352
110
46
10
83
101
99
117
114
101
66
111
111
386
101
110
97
377
101
383
97
99
371
114
100
258
103
264
111
32
393
107
117
351
108
32
45
32
80
378
97
302
32
419
350
114
386
116
400
260
109
101
409
97
103
261
298
32
98
422
116
46
454
97
105
114
64
103
109
474
108
46
371
109
413
421
423
67
418
419
347
295
48
493
51
10
84
105
461
111
443
492
32
302
371
382
115
10
486
116
79
434
101
114
356
357
52
44
357
48
49
364
357
53
368
357
371
50
10
355
116
365
48
42
32
73
324
359
110
97
108
32
83
294
114
97
103
101
9
70
118
86
111
108
40
51
101
53
48
50
100
98
102
45
53
56
56
54
45
52
101
97
98
45
98
49
357
45
49
100
55
50
49
55
101
98
101
100
53
57
41
47
396
70
105
338
40
404
54
55
357
55
49
415
55
56
409
52
432
55
45
97
100
49
51
45
56
55
53
52
102
51
55
57
99
54
50
102
41
53
51
52
478
52
357
271
266
100
112
356
52
32
48
55
32
49
487
357
32
408
32
406
32
404
32
402
32
413
499
56
32
418
32
416
495
49
32
319
32
49
100
32
55
50
345
55
32
101
98
353
347
53
57
32
47
343
339
48
54
345
363
48
348
342
344
54
352
328
32
56
102
32
52
352
101
352
52
355
97
347
49
51
375
373
339
102
388
55
359
99
365
50
377
361
55
377
102
377
48
367
266
100
97
116
97
285
53
388
338
378
406
317
116
322
49
42
32
85
83
66
32
83
288
114
97
103
101
9
326
86
111
108
40
327
328
329
330
45
53
56
332
333
101
335
45
98
49
319
45
346
349
49
55
354
101
337
57
41
47
326
70
105
314
40
328
372
319
55
49
333
55
376
333
336
55
45
385
387
45
56
55
53
52
392
394
396
398
41
53
495
51
52
50
319
266
261
100
112
318
363
352
49
367
340
377
329
32
317
32
316
347
343
53
56
32
322
350
101
327
328
330
332
334
50
331
336
338
337
333
53
340
341
48
342
343
49
344
334
374
48
32
345
361
394
348
350
380
336
52
339
351
331
353
56
346
326
354
334
340
356
32
357
32
341
55
349
102
349
387
329
48
265
100
97
116
97
283
359
361
353
52
378
311
10
309
116
313
50
42
32
80
88
69
32
78
101
116
119
111
114
107
9
315
86
111
108
40
316
317
318
319
45
367
320
321
101
322
45
98
49
311
45
332
335
49
55
338
101
324
57
41
47
315
70
105
307
40
317
345
311
55
49
321
55
348
321
323
55
45
351
352
45
408
53
52
354
355
356
348
41
309
351
52
309
48
265
260
100
112
281
355
320
327
49
335
318
340
310
350
356
308
338
334
351
32
314
341
101
318
352
356
323
325
353
49
354
330
101
324
53
331
332
371
48
334
374
320
356
55
390
32
336
379
338
340
52
354
327
52
330
342
322
344
357
350
317
345
325
331
347
32
348
32
332
55
340
102
340
403
365
261
32
100
97
116
97
281
309
350
56
341
53
407
10
303
116
306
51
42
32
77
115
84
101
109
112
9
80
99
105
82
111
111
116
40
48
120
48
41
47
468
105
475
120
374
305
477
479
85
83
66
40
52
305
488
490
40
49
494
47
72
68
497
44
77
66
82
486
348
99
55
55
99
52
49
349
56
299
349
55
55
51
99
100
299
41
265
260
100
112
280
48
333
48
332
99
344
32
366
324
332
326
48
97
379
299
387
336
317
376
309
332
319
388
388
340
32
391
384
53
309
395
336
343
390
309
401
403
387
342
399
309
318
308
50
386
396
412
396
405
405
56
389
425
421
379
365
313
384
314
427
427
356
313
378
99
314
329
426
422
441
443
433
332
308
317
55
323
102
323
406
10
298
116
301
52
42
32
117
98
117
110
116
117
9
72
68
353
44
71
80
84
44
53
50
51
55
97
321
51
45
52
99
98
50
483
48
99
97
45
98
48
478
45
55
356
56
101
98
480
364
56
52
358
360
48
120
56
50
301
320
70
105
108
101
40
92
69
70
73
92
117
98
117
110
116
117
92
115
104
105
109
120
54
52
46
101
102
105
41
264
260
100
112
278
318
298
50
333
340
346
352
344
56
354
400
331
50
401
403
348
300
308
356
32
355
310
312
98
312
52
330
99
333
52
314
98
314
414
55
297
49
402
101
98
32
412
326
32
56
303
312
48
312
338
303
297
51
303
314
53
330
335
52
53
331
52
339
314
52
57
331
449
331
55
453
335
54
440
314
463
331
54
101
462
447
300
464
448
450
468
332
314
54
402
465
459
465
100
462
483
426
456
413
474
50
472
465
476
32
54
491
54
485
409
335
302
55
306
102
306
345
10
293
116
289
48
53
42
32
87
105
110
100
111
119
115
32
288
111
116
32
77
97
110
97
103
101
114
9
72
68
40
49
44
71
80
84
44
53
50
334
335
55
51
45
52
99
98
50
406
48
99
97
45
98
48
334
45
55
52
49
56
101
98
335
312
56
52
311
56
289
430
50
366
310
70
105
108
101
40
92
69
70
73
92
77
105
99
114
111
115
111
102
116
92
379
455
98
111
380
109
103
102
119
46
101
102
105
41
53
420
57
52
101
52
476
102
471
53
51
366
49
366
366
56
431
484
48
55
487
484
52
434
304
481
304
52
289
52
102
499
494
52
97
499
53
499
496
53
498
417
100
283
55
98
283
51
57
283
54
343
48
54
53
353
49
350
340
51
54
350
341
54
342
50
346
48
51
358
356
342
354
353
355
369
350
355
357
350
55
350
327
379
356
360
374
353
342
51
389
387
54
364
371
392
366
341
51
392
355
51
381
404
404
384
371
352
371
373
55
370
339
48
101
327
389
339
420
416
355
339
55
102
427
294
283
262
32
432
100
112
58
287
289
286
50
97
305
297
318
48
321
316
312
318
334
287
446
448
447
32
55
291
320
32
319
32
53
293
98
293
52
303
99
441
343
32
349
459
55
455
285
49
321
101
98
32
458
302
32
56
289
293
48
293
288
298
285
52
324
461
303
306
52
326
295
493
304
52
325
306
53
496
500
100
304
54
504
292
54
288
302
55
290
302
54
102
300
55
375
373
381
379
319
365
286
292
53
370
371
378
385
300
380
382
390
368
393
32
54
395
403
386
396
376
400
54
100
397
55
397
388
55
414
302
50
101
397
321
373
388
54
320
363
32
285
55
381
359
284
390
262
32
100
97
116
97
58
368
414
52
320
52
421
52
282
52
381
53
414
53
384
284
294
309
56
362
364
376
461
309
52
405
52
456
449
300
451
471
467
361
302
52
423
32
468
300
53
400
51
412
376
98
300
51
427
373
410
478
54
458
51
464
51
388
51
405
374
300
344
488
493
456
336
397
400
372
292
51
362
377
51
364
296
317
294
380
346
371
342
358
370
51
371
390
341
353
51
395
361
54
361
401
378
359
382
358
408
408
386
289
51
367
414
377
55
363
334
281
365
299
371
305
327
307
281
359
305
55
348
331
429
292
10
10
323
382
57
98
51
404
50
99
54
53
102
52
57
53
97
57
57
100
98
102
54
327
50
450
54
101
285
32
32
110
118
109
101
48
110
49
112
49
47
66
111
111
116
47
98
107
112
98
479
116
120
323
46
101
102
105
438
375
450
442
444
446
448
450
452
454
456
458
460
462
464
466
467
469
101
48
110
49
112
49
47
66
369
116
47
98
380
120
311
46
101
102
105
10
57
50
53
48
50
361
50
49
99
102
99
57
101
310
102
53
52
406
53
100
52
400
102
98
100
411
305
367
110
118
109
372
374
376
378
380
47
414
385
52
387
389
10
49
100
361
314
53
312
100
97
99
56
53
51
410
398
53
55
57
55
97
100
53
101
54
392
309
367
368
421
423
375
377
379
111
381
103
114
117
98
430
432
390
444
55
404
57
358
319
102
50
51
443
52
50
101
50
98
48
55
52
456
392
98
54
366
97
460
420
422
373
464
426
467
47
109
109
473
388
390
49
100
323
306
53
304
100
97
358
53
51
348
344
53
55
57
55
97
100
53
360
343
301
361
351
353
329
362
47
117
98
117
110
116
117
47
364
396
365
340
342
359
55
346
57
321
309
102
50
51
358
52
50
101
50
98
48
55
52
387
421
54
324
97
390
352
354
394
396
398
400
47
109
109
405
341
10
303
51
322
98
51
320
50
99
54
321
322
53
97
323
100
98
102
54
304
50
322
428
277
325
391
433
332
395
397
399
401
115
104
105
440
303
357
342
415
56
51
409
55
102
56
49
98
53
98
55
50
57
99
450
451
55
51
100
500
97
53
320
499
431
392
330
470
77
105
99
114
111
115
111
102
116
313
307
368
83
101
99
117
114
101
66
370
82
373
111
118
101
114
121
328
318
305
52
99
52
49
51
322
55
53
99
101
53
55
48
56
97
50
57
51
57
53
53
52
97
402
55
49
56
274
306
338
354
358
77
361
363
365
367
369
111
368
98
370
109
103
102
119
387
10
291
405
100
56
99
102
53
49
356
97
360
360
373
52
98
102
292
99
294
48
100
50
48
99
353
339
310
421
423
364
366
368
378
428
47
430
428
432
114
436
10
259
479
480
481
257
32
68
114
105
383
47
80
97
114
116
105
493
111
110
32
73
110
102
111
32
482
504
504
10
10
68
105
115
107
115
32
105
110
102
111
58
32
266
352
353
354
355
356
263
10
10
309
312
9
350
105
115
45
71
80
84
44
9
110
111
45
66
73
79
83
334
333
371
104
97
366
45
45
69
83
80
44
32
372
333
45
117
115
98
371
373
116
45
109
109
99
391
383
366
318
399
374
119
346
100
371
50
48
52
56
32
115
325
116
111
114
344
42
32
53
49
274
98
121
116
101
115
359
80
97
114
341
341
111
110
344
346
348
32
40
49
47
51
41
350
357
455
456
355
359
361
48
291
293
363
32
373
45
409
9
284
391
373
112
97
107
335
114
410
45
100
111
99
103
114
117
398
393
483
485
410
488
98
346
115
116
97
108
108
478
491
101
299
410
117
112
100
97
434
491
410
401
102
97
114
10
320
48
281
112
51
321
32
325
45
333
9
277
328
325
112
97
107
303
114
338
100
111
99
342
334
370
329
342
310
115
116
97
108
108
338
342
101
287
334
117
112
100
97
335
372
383
100
45
97
102
335
114
45
49
267
71
66
346
118
288
348
282
52
352
354
356
358
353
111
361
363
339
366
368
372
325
421
111
374
110
376
378
380
329
45
382
384
329
386
388
390
114
340
323
392
394
396
101
398
400
48
402
404
406
349
53
352
105
322
412
52
328
97
112
332
103
101
116
323
115
105
103
110
101
100
32
342
45
101
102
105
32
323
342
50
479
438
98
45
375
377
379
482
340
383
118
355
107
323
435
389
101
431
483
440
110
393
395
397
399
401
403
10
80
344
308
116
105
111
110
115
32
291
102
111
32
40
50
47
51
41
58
32
311
388
389
292
10
359
360
320
49
321
105
300
45
45
69
83
80
301
327
114
307
104
97
300
323
102
335
97
98
312
110
116
312
119
291
108
111
97
100
312
114
101
99
111
118
45
303
353
104
105
426
305
45
98
287
114
309
116
421
110
98
111
111
116
393
282
276
51
397
115
303
116
402
404
9
406
408
410
433
111
45
413
336
416
439
418
420
422
424
438
323
428
430
432
434
45
436
477
467
441
313
444
446
448
450
452
319
276
52
456
458
460
405
317
464
411
467
469
415
417
419
439
446
423
425
293
349
350
118
101
114
121
45
111
321
354
100
100
319
303
357
304
358
359
360
361
362
309
274
53
363
364
365
293
368
338
45
104
335
45
98
97
100
45
101
102
105
340
342
356
359
346
407
303
372
111
351
353
402
105
369
367
386
114
388
284
390
116
10
10
80
307
116
105
438
111
110
115
32
284
102
111
32
40
51
47
51
41
58
32
327
456
457
261
434
279
278
274
49
311
364
45
45
115
101
112
432
303
467
472
9
333
366
336
367
400
339
296
298
469
112
45
117
115
429
356
467
488
490
477
402
404
312
481
473
306
46
369
118
323
273
392
310
51
311
109
97
121
98
101
365
112
366
334
364
378
368
354
355
304
369
336
45
376
45
370
371
304
364
391
286
382
104
384
345
386
379
298
46
347
118
310
269
352
302
52
303
342
364
376
378
393
45
381
299
344
319
400
115
116
321
387
389
395
379
390
115
371
397
399
45
401
393
403
405
407
49
409
270
53
412
339
414
101
377
111
339
286
325
116
104
418
451
324
9
369
45
454
104
111
117
291
416
447
428
432
453
105
455
394
471
460
424
321
462
473
464
466
431
371
424
100
45
439
290
406
273
442
10
102
100
105
115
107
32
45
108
32
40
102
105
108
116
101
328
100
41
58
32
336
392
393
260
10
10
68
105
115
107
32
270
366
49
390
57
53
51
46
56
55
32
71
105
66
44
32
49
48
50
52
50
48
407
52
51
49
54
56
32
98
121
116
101
115
417
423
48
48
52
424
50
54
52
32
338
99
116
111
114
115
397
399
401
105
100
101
110
116
105
102
105
101
114
390
65
51
50
65
57
420
70
45
66
69
57
66
45
52
56
66
65
45
56
485
69
45
55
55
52
49
53
68
55
423
54
66
57
10
32
501
502
503
502
83
116
294
116
504
502
69
110
100
351
83
101
99
116
111
114
115
357
105
122
101
32
84
121
112
101
315
267
112
49
353
32
347
52
56
353
53
51
52
53
50
55
352
384
50
381
48
351
50
54
48
77
32
69
70
73
32
83
121
115
116
101
109
374
49
112
50
390
385
387
382
390
54
55
50
344
353
51
388
54
418
350
49
54
399
77
105
99
114
111
115
111
102
116
32
114
101
322
114
118
101
100
411
112
51
419
421
57
54
350
52
344
56
48
52
52
49
53
32
458
387
51
55
49
347
379
51
54
46
49
71
32
433
435
437
439
441
98
301
434
32
100
97
116
97
450
52
466
459
461
463
456
495
56
430
469
49
377
350
50
51
53
57
422
499
32
49
46
49
71
32
87
105
110
100
111
119
115
32
114
101
99
111
118
101
114
121
32
101
110
118
105
114
111
110
266
110
116
343
53
32
57
48
55
55
54
350
49
50
353
52
54
55
57
50
56
53
55
387
53
54
48
336
323
54
52
322
399
355
357
76
360
117
120
32
102
105
108
101
115
121
115
116
101
109
10
68
105
115
107
32
115
100
97
58
32
53
57
46
54
396
71
105
66
44
32
412
409
447
314
336
48
32
98
121
430
115
452
395
53
48
51
336
56
459
306
99
116
111
114
115
433
435
437
105
100
376
116
105
423
372
442
48
120
50
102
99
391
99
348
10
318
66
111
111
342
83
116
97
114
342
318
32
69
361
299
83
101
99
116
111
114
115
298
83
105
122
101
32
73
100
32
84
121
112
101
10
115
100
97
49
298
42
301
297
304
314
50
53
48
51
308
55
57
369
371
50
57
54
51
323
53
57
46
54
316
32
99
32
87
296
32
70
65
84
382
32
40
76
66
65
41
10
10
283
328
353
45
108
109
399
327
108
328
114
101
100
41
332
294
422
423
405
360
97
58
326
46
48
71
66
58
115
99
115
105
58
53
322
439
441
109
360
111
115
58
83
97
110
68
330
331
67
114
117
349
114
58
59
10
49
58
49
48
52
57
107
433
429
431
470
52
430
432
58
102
97
116
382
58
58
293
334
108
98
97
461
110
118
264
48
110
463
465
50
52
476
490
264
442
50
502
58
103
112
116
448
97
98
417
110
116
32
83
66
45
50
49
51
48
45
49
84
324
329
330
331
52
57
107
324
50
55
52
77
357
55
51
361
58
102
97
116
315
58
69
70
73
32
115
121
115
304
109
32
279
116
105
383
111
110
58
286
308
101
115
112
329
50
58
358
360
357
57
48
365
297
46
56
365
58
77
105
99
114
111
115
111
102
338
114
391
101
114
118
101
310
382
384
105
386
58
109
115
415
417
115
329
51
396
400
365
50
53
52
333
439
441
324
58
66
97
115
409
32
312
116
97
381
97
114
383
385
387
429
415
452
97
329
52
396
440
442
53
53
333
300
48
405
324
337
280
58
58
104
105
100
100
101
110
308
100
105
97
103
308
110
111
95
97
117
116
111
109
111
117
337
329
53
58
52
54
471
324
55
53
50
331
56
55
305
101
120
116
52
58
58
302
10
70
326
101
32
115
271
99
350
62
304
77
105
299
32
297
362
363
256
10
287
303
32
50
52
296
52
310
359
58
373
372
374
308
48
381
381
358
66
367
58
32
55
288
55
54
50
384
58
57
391
391
393
375
50
54
382
48
384
366
98
108
107
105
294
40
102
105
108
292
326
100
41
387
364
421
274
366
78
65
77
69
286
286
70
83
84
89
80
428
285
85
85
73
68
429
442
443
444
443
80
65
82
84
438
440
445
453
453
76
65
66
69
76
454
32
447
449
456
458
76
10
115
295
461
471
472
473
474
475
476
429
10
226
148
148
480
128
469
97
49
442
118
102
97
307
429
49
56
50
51
45
48
54
55
56
477
445
50
102
99
55
55
99
52
49
45
48
49
347
330
85
66
85
78
84
85
32
50
52
95
48
329
313
353
368
369
370
353
10
348
156
348
128
110
118
109
101
48
110
49
112
352
118
102
97
299
326
65
48
53
48
350
69
70
67
371
284
53
50
51
55
97
54
55
51
45
52
99
98
50
410
48
99
97
45
98
48
404
45
55
52
49
56
101
98
406
51
99
56
52
32
83
89
83
84
69
77
336
397
73
32
115
121
115
287
109
32
276
303
303
111
110
373
148
375
148
377
379
381
383
112
50
400
370
48
100
48
56
97
97
424
45
53
52
475
478
56
414
56
48
52
53
45
50
102
101
55
56
57
404
101
99
428
346
307
99
114
111
115
111
102
299
304
115
101
114
118
101
100
32
276
293
293
111
110
325
148
326
148
327
328
329
330
112
51
32
66
105
116
76
111
99
107
101
114
332
310
54
49
97
48
97
55
50
48
45
54
340
101
335
98
301
45
57
101
51
382
57
98
51
48
49
57
97
97
56
97
51
52
315
66
97
115
105
99
32
100
97
116
97
343
97
114
345
105
347
349
351
353
109
355
49
112
402
110
116
102
115
303
54
56
54
69
53
55
68
49
435
437
57
376
50
321
54
99
97
99
54
100
376
45
99
437
98
335
100
56
382
56
98
98
99
45
51
102
98
443
53
384
99
48
102
358
87
105
110
100
111
119
431
82
69
32
116
111
111
108
431
349
148
317
422
424
112
53
32
101
120
116
402
302
48
452
56
443
48
56
466
49
52
48
318
51
56
98
45
97
53
54
330
97
52
99
101
101
53
56
102
50
52
49
53
32
358
102
338
100
100
57
45
48
342
330
52
53
57
51
45
56
52
101
52
45
360
100
351
48
51
54
50
357
98
303
10
10
77
111
117
110
116
321
111
105
401
335
40
102
105
108
116
101
114
101
100
41
58
32
288
420
266
396
317
280
65
118
97
410
32
85
115
101
37
32
398
400
412
100
32
323
10
47
100
101
118
47
110
314
334
112
49
297
50
454
46
57
77
280
341
434
47
109
401
47
98
111
111
116
45
115
97
446
448
109
450
49
442
444
473
449
48
316
112
332
296
345
50
46
54
458
32
54
55
461
463
116
465
467
469
471
480
475
482
49
484
478
445
447
481
483
364
294
49
57
50
71
279
346
348
349
116
356
340
47
115
100
97
49
299
53
51
46
57
367
32
49
48
348
99
100
114
111
109
10
101
102
105
118
97
114
102
321
299
56
54
46
52
75
279
54
50
348
115
121
115
47
397
114
109
119
400
101
47
396
105
424
397
399
114
115
330
331
332
116
32
111
112
283
315
321
40
397
108
335
114
101
100
41
58
32
336
452
263
330
47
339
357
355
359
49
112
379
292
118
102
97
435
292
114
119
44
446
108
467
105
355
44
102
109
97
115
107
61
48
48
346
44
100
480
482
484
486
50
44
99
111
339
271
103
101
61
52
51
55
44
105
111
99
104
400
115
101
116
61
105
115
111
56
56
53
57
45
49
44
115
104
111
114
116
110
97
328
61
109
105
120
101
100
44
101
114
114
364
115
61
341
109
111
315
116
45
379
329
321
47
110
323
331
49
112
52
292
102
117
348
98
108
107
289
114
119
44
341
108
343
105
328
44
401
377
95
105
100
346
44
103
379
117
112
418
420
48
44
97
108
108
111
119
95
111
116
104
377
44
403
107
115
105
122
101
61
52
48
57
54
390
330
328
395
112
53
292
101
120
116
398
291
407
409
101
411
282
328
453
47
115
100
97
334
296
118
102
343
292
379
44
110
111
412
414
102
344
345
346
347
50
44
100
489
107
491
324
44
99
111
320
271
103
447
52
51
55
44
105
111
99
104
97
114
327
116
61
105
115
111
56
56
53
57
45
49
44
115
104
328
116
110
97
316
61
109
105
120
101
100
44
329
330
351
61
321
109
111
306
116
45
330
10
10
61
392
393
394
395
394
32
110
313
332
112
53
47
98
111
111
116
47
103
114
117
98
409
411
98
46
99
102
103
32
40
102
105
108
116
329
376
41
32
396
431
431
390
85
98
386
117
278
48
100
55
56
57
55
48
56
45
51
49
52
48
45
52
51
56
98
45
97
53
54
101
458
52
99
101
101
53
56
102
50
52
49
53
10
87
105
110
100
111
119
115
32
66
406
116
32
77
97
369
103
329
421
111
110
398
400
110
49
112
49
429
277
111
115
112
330
98
329
45
101
423
45
65
48
53
48
45
48
69
70
67
10
35
350
32
69
78
68
32
47
101
116
99
332
333
98
46
100
47
51
48
95
111
115
45
112
316
98
315
32
350
35
10
85
346
73
32
70
105
114
109
119
97
309
32
83
358
116
105
110
103
115
276
117
101
102
105
45
403
387
389
309
349
351
353
355
357
359
361
117
363
365
367
95
401
403
405
386
388
390
101
377
350
323
336
432
433
329
330
110
49
112
53
414
360
102
115
116
97
98
334
403
108
116
315
321
335
433
455
327
323
35
32
60
449
428
115
121
444
101
109
62
460
109
111
322
32
112
111
396
116
469
275
60
116
121
112
101
479
60
111
112
395
111
110
115
479
281
60
100
117
109
112
486
112
97
115
493
349
356
32
389
399
491
356
100
101
299
110
315
110
49
112
53
32
100
117
114
343
103
32
99
374
342
110
32
343
353
97
108
108
97
342
360
301
364
47
100
105
115
107
47
98
121
45
117
117
105
334
48
100
55
56
57
55
48
56
45
51
49
52
48
45
52
51
56
98
45
97
53
54
101
425
52
99
101
101
53
56
102
50
52
49
371
47
32
101
120
116
52
372
101
102
97
117
108
116
344
48
32
49
322
327
98
111
111
116
328
346
32
340
344
360
327
363
365
367
369
49
372
374
376
378
380
343
383
110
385
387
389
105
391
47
115
340
112
46
105
109
103
9
110
360
101
9
491
97
112
502
119
9
48
508
10
85
85
73
68
61
65
48
53
48
45
48
69
70
67
273
47
98
111
111
116
310
316
279
118
102
338
275
324
368
117
108
116
315
277
48
279
49
10
10
318
383
61
32
110
327
328
53
310
116
99
47
371
97
373
363
103
114
117
98
32
40
316
374
101
114
101
100
41
32
384
383
381
71
82
85
66
95
68
355
65
85
76
84
61
48
10
416
418
95
84
73
77
69
79
85
84
95
83
84
89
76
69
61
109
101
110
117
429
417
419
433
435
437
426
49
428
430
419
68
73
441
82
73
66
438
79
82
61
96
108
115
98
95
408
108
101
97
115
101
32
45
105
483
315
50
321
394
325
47
449
337
32
124
124
32
101
99
104
111
32
68
101
98
105
97
110
96
451
431
67
77
68
76
73
78
69
95
349
78
85
88
95
68
318
65
85
76
333
34
113
117
105
101
116
32
115
112
108
97
115
104
34
343
331
95
346
348
350
352
354
356
61
34
378
336
332
68
73
83
65
66
76
352
79
83
95
80
82
79
66
69
82
61
320
108
115
101
324
326
299
32
110
313
314
53
58
32
76
111
99
317
105
310
32
111
102
32
305
108
101
304
108
111
97
311
100
32
98
121
32
71
114
117
98
32
415
299
324
282
71
105
66
344
446
458
283
70
105
435
290
285
70
114
97
103
109
101
110
116
40
115
41
10
283
63
63
451
32
481
284
98
111
111
319
103
448
98
47
491
449
46
99
102
103
466
280
49
479
52
53
51
46
53
57
506
51
54
57
49
52
336
32
52
56
55
46
48
52
52
50
56
355
49
54
272
98
111
111
309
290
108
105
110
117
122
338
285
49
339
52
342
46
53
57
342
343
345
347
61
349
351
353
355
357
359
361
32
363
365
47
367
369
371
45
54
379
353
45
51
53
45
103
101
110
101
114
105
99
288
375
349
380
379
56
53
359
53
56
57
348
52
57
51
46
52
55
54
49
49
48
51
343
362
364
366
109
368
370
122
401
46
56
46
54
45
115
117
114
310
99
101
45
49
289
50
376
53
49
431
345
54
56
51
57
54
48
427
358
46
55
421
53
354
50
53
393
395
442
444
400
402
449
56
452
454
456
458
460
416
463
465
428
360
469
471
473
386
350
52
476
478
480
482
440
396
331
333
335
46
111
108
100
308
280
336
315
310
46
362
56
49
55
50
312
51
348
317
46
51
48
53
48
50
55
53
322
351
329
47
333
105
116
114
100
46
105
109
103
377
378
360
51
382
51
384
386
388
390
55
392
394
396
398
400
32
342
300
404
406
408
410
103
344
338
318
45
51
53
45
103
101
110
101
114
105
99
284
379
52
54
416
312
395
397
54
49
56
348
57
354
49
50
349
54
55
57
311
401
431
110
405
407
409
411
437
354
54
355
356
357
358
359
451
360
361
57
50
321
52
51
470
389
340
316
53
46
466
322
399
398
50
472
403
474
433
477
436
345
335
56
336
337
338
339
340
283
50
341
342
57
50
314
52
51
378
351
328
309
53
46
377
315
359
358
50
379
362
380
373
381
103
46
111
108
100
344
275
391
10
300
297
32
110
289
48
110
49
112
53
58
32
108
115
32
45
108
32
47
101
116
99
47
103
114
117
98
46
100
47
32
40
102
105
108
116
101
114
101
100
41
301
424
295
10
10
45
114
119
120
114
45
473
475
32
340
114
111
319
32
480
482
49
56
395
56
32
79
99
116
270
409
32
50
356
351
49
48
95
322
110
117
120
469
471
476
509
478
483
111
354
353
354
49
56
49
51
329
65
112
114
269
52
352
48
58
49
345
49
48
95
311
110
117
120
46
100
112
107
103
45
110
101
119
347
348
355
114
350
352
32
359
116
398
357
400
52
51
50
330
32
79
99
400
32
345
412
330
329
376
378
312
381
95
122
102
115
392
119
394
396
324
399
401
354
404
406
345
366
368
32
370
376
373
375
377
379
420
422
115
383
385
387
389
391
45
393
395
355
397
430
430
49
52
52
53
57
408
410
269
413
434
329
406
418
380
120
95
120
101
110
425
427
120
457
402
431
400
460
53
363
32
436
369
371
441
414
472
420
476
110
448
386
388
390
479
455
455
482
358
483
269
55
56
54
361
362
268
364
373
308
50
53
95
98
303
382
377
377
383
324
384
268
55
56
385
374
329
331
375
363
393
395
105
376
342
344
346
397
317
399
307
371
371
326
49
360
386
356
363
388
309
308
51
335
111
115
45
112
320
98
101
114
419
322
400
356
424
51
426
48
32
407
32
330
334
410
434
95
436
438
440
442
415
343
345
347
45
349
398
352
422
384
371
319
49
55
330
79
387
430
365
50
433
335
117
101
102
105
45
488
114
109
119
97
114
101
444
421
372
447
402
49
476
330
453
455
48
457
485
487
489
396
114
109
119
97
114
101
375
327
329
331
45
333
369
336
378
361
351
267
55
50
302
83
101
112
267
362
348
50
382
366
102
119
117
112
100
388
377
352
389
372
32
417
302
390
53
308
49
58
51
362
51
428
430
432
405
328
330
434
412
436
458
365
49
318
79
364
381
425
300
52
322
99
117
115
116
111
109
456
120
371
437
310
460
318
390
391
48
374
468
95
470
472
474
453
407
476
478
459
346
49
443
463
340
465
353
467
49
488
471
473
475
409
119
334
369
381
333
383
378
363
364
48
354
52
49
396
389
391
109
379
367
10
10
289
418
286
32
115
100
97
49
47
98
326
47
103
114
117
98
429
431
98
46
99
102
103
32
40
365
108
116
101
114
101
100
41
32
419
452
61
416
84
114
121
32
111
114
32
73
110
390
97
108
108
32
85
98
117
110
116
117
10
470
472
474
441
115
97
102
101
32
430
97
112
104
105
99
115
41
10
66
343
102
301
109
32
314
120
324
118
111
108
117
109
101
476
69
70
73
32
70
105
114
109
119
97
114
101
32
83
101
116
116
105
110
103
115
10
84
101
356
32
109
101
109
111
114
121
359
366
360
32
115
100
97
49
58
32
76
111
99
97
386
111
110
32
111
102
32
343
108
393
32
108
111
97
100
101
100
32
98
121
32
71
364
98
32
403
287
359
274
71
105
66
32
45
436
447
275
374
424
280
279
70
114
97
103
396
110
116
40
115
41
10
275
63
63
440
32
469
276
98
313
362
438
477
117
98
46
99
102
103
455
274
49
10
