9
0
57
50
10
49
55
257
52
48
54
10
53
51
48
265
52
57
10
54
57
52
258
49
48
275
49
259
268
49
51
53
264
49
52
49
53
258
52
53
279
285
286
56
54
264
50
48
48
271
300
56
303
262
299
53
57
303
54
48
290
50
298
275
315
54
314
55
309
10
50
55
56
268
267
55
264
51
277
271
51
50
262
10
51
334
330
51
55
327
53
48
56
337
309
327
57
345
337
310
261
334
271
292
315
10
292
55
49
359
53
297
359
260
268
52
56
259
359
56
50
261
373
51
372
55
55
359
274
368
57
53
380
270
54
362
270
325
265
48
51
264
344
379
265
289
275
53
300
380
266
280
269
278
265
266
271
285
274
265
55
256
265
373
268
364
50
346
419
410
57
391
388
52
264
388
397
54
335
346
319
298
272
385
290
319
329
272
297
275
273
49
346
342
312
10
55
262
446
409
449
319
257
329
57
264
379
405
379
50
362
379
288
449
56
394
467
435
414
300
449
256
380
414
401
474
415
326
266
10
370
305
483
50
480
288
362
56
52
52
380
56
329
257
495
495
483
414
494
468
257
57
267
268
505
51
346
274
52
377
384
369
10
458
50
290
458
52
377
424
344
10
57
297
504
256
286
393
407
277
341
286
393
370
258
313
53
290
277
495
282
302
405
332
287
258
302
374
276
487
377
280
487
286
283
420
276
292
290
280
260
380
280
329
362
280
326
380
280
370
362
280
384
377
49
374
478
49
50
339
258
335
344
258
324
492
258
420
450
258
487
374
258
267
473
283
259
279
394
393
258
341
370
258
341
384
258
509
420
258
509
415
283
256
290
287
48
50
377
287
345
290
287
420
271
287
506
291
284
257
287
51
384
291
288
377
287
312
290
287
431
290
287
321
282
369
448
287
297
257
289
278
257
289
277
286
53
49
54
377
289
49
435
289
338
257
289
51
270
258
266
485
399
283
258
293
321
258
385
50
377
289
326
286
309
52
257
49
388
469
49
388
53
362
49
388
54
380
49
429
346
49
54
267
290
49
54
394
377
49
54
52
358
49
54
52
334
258
439
362
49
298
491
258
54
373
286
54
468
380
49
54
56
485
281
51
279
361
313
258
361
365
259
341
279
55
509
286
321
263
258
457
286
414
468
258
468
48
362
445
309
362
49
57
49
431
258
256
48
362
49
256
334
258
256
292
258
424
505
323
301
391
300
345
346
300
49
420
323
48
287
268
300
288
257
300
427
299
313
51
303
313
57
362
300
54
365
402
277
323
48
450
268
402
435
402
56
346
304
260
323
302
463
323
277
54
317
49
374
299
49
374
380
463
51
427
323
289
50
314
49
388
268
463
326
377
374
49
463
323
374
388
323
50
401
377
374
312
299
315
365
374
273
299
324
301
323
267
350
323
331
273
323
334
289
323
51
288
268
50
51
387
323
284
319
323
341
405
50
509
335
323
509
51
317
51
57
287
323
262
358
335
313
268
335
283
268
335
445
257
335
315
346
335
288
299
427
370
323
493
397
50
344
54
346
50
53
289
257
50
266
48
362
50
266
450
323
409
346
50
293
56
346
50
285
445
323
285
53
314
285
397
315
48
50
314
388
463
323
429
377
315
487
377
315
493
268
315
369
257
315
55
331
323
54
56
370
323
54
56
491
323
273
509
323
273
322
324
463
268
324
374
317
55
341
380
324
288
303
450
292
323
379
263
323
326
301
323
326
493
323
326
55
377
420
345
317
326
57
362
420
287
317
373
385
323
468
54
346
420
309
314
297
463
323
297
310
323
305
51
317
305
344
323
305
364
323
350
49
299
256
341
323
505
302
323
274
51
317
274
448
487
344
299
458
48
380
487
298
346
487
342
317
424
466
487
325
362
487
297
377
487
350
303
310
373
337
301
492
337
48
283
327
48
300
333
48
335
290
267
420
257
267
52
284
337
313
284
337
48
342
327
48
55
509
337
345
469
267
495
362
267
256
275
331
393
333
277
388
337
49
50
334
337
287
466
331
401
346
331
401
333
289
385
337
49
298
377
331
298
330
49
54
326
337
259
289
337
259
487
337
259
450
337
259
57
346
331
417
337
49
475
337
463
331
337
335
49
330
50
309
377
355
342
337
267
335
337
267
54
346
338
324
275
338
487
377
338
52
469
338
53
445
337
284
440
338
329
327
341
54
346
338
472
337
509
420
337
51
508
337
288
468
337
52
487
362
51
492
321
337
292
263
337
292
341
337
427
458
337
493
342
337
369
374
337
270
48
257
284
301
275
284
283
362
284
463
343
331
343
341
377
284
262
343
458
275
284
424
377
394
259
290
394
451
337
319
287
337
439
346
394
431
330
54
361
346
394
329
290
394
325
333
54
370
327
54
305
377
394
305
333
273
420
337
273
415
341
48
361
337
361
385
337
55
509
333
450
478
341
53
49
330
321
373
337
496
377
341
305
333
414
287
337
326
287
337
484
330
370
57
362
509
374
380
509
335
290
509
50
482
509
338
257
509
51
52
257
509
307
337
491
371
509
52
284
337
491
292
337
56
266
275
509
431
275
509
321
333
498
380
509
56
53
290
509
305
377
509
274
362
509
57
373
352
300
377
51
256
51
275
51
274
324
352
54
485
51
424
322
51
310
267
359
301
371
262
445
290
262
463
290
262
50
322
262
262
386
278
335
359
278
469
307
260
359
263
55
377
451
445
359
345
54
377
288
48
277
359
277
478
288
420
346
288
328
359
283
324
359
287
273
359
287
365
288
404
359
259
324
359
49
256
264
52
300
283
359
463
499
52
374
341
359
50
394
377
52
50
266
346
52
50
385
377
52
318
290
52
324
351
52
324
371
52
324
482
52
324
310
359
339
386
51
262
386
394
487
359
51
256
356
262
263
359
288
51
275
492
445
356
52
334
368
52
334
290
492
427
264
492
285
368
427
49
356
493
283
359
493
53
389
270
341
359
387
290
292
48
335
363
393
386
396
389
53
277
264
357
54
386
53
53
283
363
401
356
53
364
356
285
361
363
342
356
364
267
363
468
377
427
278
368
54
51
292
359
298
50
290
427
55
267
359
54
414
346
427
350
264
427
458
368
273
414
366
393
389
342
365
493
277
290
493
280
356
260
450
366
506
366
51
336
493
51
57
346
493
342
389
465
368
379
322
493
350
346
369
393
386
326
397
369
287
356
370
384
372
304
372
463
290
369
431
275
369
373
356
305
292
372
384
275
270
301
377
270
341
383
364
290
390
331
381
55
338
381
55
284
381
370
261
57
297
395
301
310
392
49
50
377
344
287
418
48
318
392
315
421
393
445
392
334
421
278
260
392
270
410
313
49
410
313
55
377
344
312
418
48
361
421
302
49
410
302
463
392
505
257
53
332
403
283
405
53
287
301
398
288
421
287
463
398
342
377
53
445
393
398
424
418
300
51
410
463
351
401
267
421
50
51
52
257
401
51
270
265
50
401
410
315
49
257
401
431
418
315
358
401
319
421
324
466
401
321
395
487
57
421
331
412
266
52
487
265
51
492
418
394
302
265
394
415
266
414
421
51
458
257
293
278
400
262
350
269
394
362
293
293
290
293
385
377
293
319
400
493
412
293
57
326
408
313
403
401
313
408
338
403
266
364
408
364
377
53
285
260
408
273
421
385
391
53
364
260
408
57
49
257
285
277
403
388
344
265
388
310
265
431
270
265
431
482
285
331
418
54
492
421
439
290
295
478
285
56
370
265
444
400
444
410
273
350
413
331
403
450
440
437
391
385
312
410
496
377
385
54
468
413
321
400
414
407
385
310
290
364
301
403
481
403
370
50
290
364
283
257
422
377
364
293
400
57
49
358
309
259
423
463
421
256
466
309
267
257
309
394
290
309
266
418
458
301
265
57
326
418
57
305
395
310
469
312
263
428
48
49
54
380
312
50
509
272
393
270
272
393
373
272
313
270
272
263
302
272
48
321
443
345
420
272
277
388
272
332
428
287
56
438
289
260
272
49
431
257
388
319
362
429
414
272
259
415
388
350
377
388
382
272
300
415
431
420
433
50
285
362
431
298
433
324
493
272
487
331
272
487
342
272
267
292
272
267
54
433
331
50
438
331
270
272
331
370
272
334
478
54
338
283
272
338
450
272
51
288
433
51
387
272
394
463
272
51
274
377
54
451
362
54
288
407
54
288
431
272
52
284
428
52
509
428
492
321
272
357
438
292
448
54
427
51
271
54
427
53
362
54
493
351
54
493
50
438
493
427
436
49
57
362
455
56
438
293
49
428
293
52
377
319
385
362
439
361
436
475
272
312
473
298
345
380
298
49
54
443
431
302
272
431
51
271
298
50
385
272
54
52
267
272
54
492
380
316
412
298
364
377
298
273
443
54
326
433
342
324
272
361
342
272
260
338
272
260
448
54
260
505
272
450
407
54
460
257
54
462
443
462
433
379
505
272
472
362
54
326
469
54
326
57
362
54
370
336
54
370
292
441
287
428
373
52
377
54
373
326
441
270
377
54
56
364
362
54
305
324
272
350
50
438
57
399
272
256
405
273
335
268
273
420
443
382
438
274
335
272
57
56
491
272
310
273
449
301
373
449
48
277
456
48
277
446
393
505
449
313
260
449
313
56
290
447
270
449
48
361
268
342
260
456
345
301
449
345
351
342
56
468
449
302
56
446
277
371
361
302
464
49
324
459
283
499
361
453
361
54
326
449
49
273
476
259
482
361
379
271
361
325
446
300
478
260
51
466
260
509
464
315
335
449
315
487
449
315
412
260
491
476
420
322
260
297
456
420
310
449
487
50
377
55
331
344
449
331
55
377
55
331
505
449
51
307
449
51
52
341
449
51
292
275
55
284
505
449
394
293
449
341
331
449
262
487
449
288
364
449
52
355
449
292
509
449
292
369
449
292
319
449
427
393
449
493
369
449
493
440
450
495
377
450
57
373
449
344
49
271
321
289
268
321
463
377
321
331
476
385
326
449
364
287
449
309
334
454
401
459
319
385
454
312
377
457
509
449
55
51
415
465
351
379
431
271
379
370
275
379
297
271
379
350
476
414
267
467
278
290
325
302
290
325
315
446
56
266
476
297
53
290
325
54
468
467
498
467
505
268
325
424
268
414
48
420
474
50
482
472
448
414
338
456
505
336
414
262
271
414
54
499
501
50
290
501
482
501
54
446
57
56
326
479
54
275
326
48
473
326
313
377
326
463
268
326
50
334
483
278
424
483
313
338
483
313
424
483
263
263
483
302
344
483
277
54
377
370
302
377
370
283
271
370
374
497
49
335
494
283
51
275
370
338
264
370
427
271
370
493
497
49
312
275
370
325
377
484
335
483
445
324
486
278
497
402
377
373
49
57
346
373
487
264
376
313
486
331
275
376
478
376
350
486
344
497
50
401
346
373
319
271
373
260
490
324
397
468
393
494
267
478
468
49
463
483
334
49
264
468
52
358
468
53
49
271
468
55
469
468
326
271
468
274
490
51
310
275
491
48
420
483
262
361
483
451
264
491
463
497
52
324
497
52
487
290
491
427
346
491
364
271
491
309
275
491
319
275
491
297
377
491
297
346
491
256
268
491
256
275
491
505
290
491
274
290
56
293
273
483
293
391
56
293
414
483
285
473
56
364
450
483
309
364
483
312
48
497
312
52
377
297
48
260
483
431
54
275
297
315
346
297
315
271
297
385
377
297
312
377
297
298
377
297
298
290
297
297
490
444
271
297
424
268
297
310
490
273
458
500
48
371
495
283
268
495
49
435
495
259
494
260
50
377
495
50
285
500
270
377
495
54
361
500
450
290
56
326
365
56
370
48
502
259
497
370
397
56
376
490
468
267
483
56
293
497
56
495
377
56
305
365
305
48
283
483
256
53
490
475
290
305
267
377
305
270
275
305
364
494
458
427
483
424
50
290
305
370
275
305
256
362
350
278
507
301
369
10
350
300
290
350
394
271
350
509
377
350
309
290
350
379
290
350
472
10
350
491
504
277
407
57
277
49
271
57
277
487
10
57
277
466
57
332
264
57
280
482
57
49
487
362
57
283
49
271
57
287
48
504
287
358
57
289
384
10
57
445
287
10
57
49
256
504
463
301
10
256
315
507
335
509
10
256
53
289
10
475
52
377
475
370
10
256
458
510
506
507
328
264
505
280
290
505
49
463
10
505
52
338
10
505
427
271
505
493
507
284
267
10
505
285
290
505
388
264
505
298
510
341
412
505
491
504
51
57
56
290
382
302
10
274
49
473
274
283
377
274
259
380
274
324
507
52
324
380
274
267
504
52
51
415
511
57
362
274
55
509
10
274
417
10
274
256
271
384
393
290
384
277
504
53
49
310
10
384
53
478
384
285
510
285
361
10
384
373
264
384
56
53
290
384
256
504
312
493
10
458
283
264
458
463
290
458
487
377
458
493
507
319
384
10
458
54
51
271
458
455
10
458
450
380
458
450
510
54
370
264
458
56
293
10
458
495
290
458
305
271
458
57
56
290
424
313
510
447
362
424
277
504
260
505
10
424
288
507
450
51
275
424
292
507
496
507
496
271
424
273
507
457
504
325
263
10
57
370
374
10
57
373
492
10
57
503
362
57
503
510
491
338
10
57
56
53
49
271
57
297
384
10
57
495
321
10
57
56
56
322
57
305
49
271
57
305
478
310
313
362
310
280
264
353
284
10
310
312
507
424
493
10
310
384
377
